    0.74    -0.67  0.00076 
   -0.67    -0.74  -0.0015 
  0.0016   0.0006       -1 

J
    0.75    -0.68   0.0006 
   -0.68    -0.75  -0.0012 
   0.002  0.00077       -1 

P
    0.51  1.5e-07  9.6e-05 
 1.5e-07     0.51 -0.00019 
 9.6e-05 -0.00019      0.5 
Q
       2   0.0027 -0.00076 
  0.0027        2 -0.00029 
-0.00076 -0.00029        2 
R
    0.37    -0.34   0.0008 
   -0.34    -0.37  0.00031 
 0.00039 -0.00077     -0.5 
delta
-0.00021 -0.00073     -1.1 
